Accuracy: 0.9967260822117133

Confusion Matrix:
[[ 283    3    0]
 [   0 2552    5]
 [   0   10 2645]]

Classification Report:
              precision    recall  f1-score      support
0              1.000000  0.989510  0.994728   286.000000
1              0.994932  0.998045  0.996486  2557.000000
2              0.998113  0.996234  0.997172  2655.000000
accuracy       0.996726  0.996726  0.996726     0.996726
macro avg      0.997682  0.994596  0.996129  5498.000000
weighted avg   0.996732  0.996726  0.996726  5498.000000